      31444.7
      19398.3
      11966.9
      7382.39
      4554.22
      2809.51
      1733.19
      1069.21
      659.599
      406.909
      251.023 
      154.857	
      95.5315
      58.9337 
      36.3563 

      25.1237

      35223.617
      27665.738
      21729.547
      17067.062  
      13405.006      
      10528.718 
      8269.5850
       6495.1904
       5101.5308   
    4006.9021   
    3147.1475  
     2471.8677    
   1941.4843    
   1524.9022   
    1197.7068    
  940.71606
       738.86774 
      580.33020   
    455.80978     
  358.00754    
   281.19034    
   220.85558    
   173.46692  
     136.24654
       107.01223   
    84.050789     
  66.016129      
 51.851173     
  40.725552   
    31.987104

HIA:
 28990.223
       21797.295
       16389.062
       12322.687
       9265.2441
       6966.3975
       5237.9258
       3938.3157
       2961.1604
       2226.4526
       1674.0367
       1258.6821
       946.38361
       711.57147
       535.01965
       402.27341
       302.46307
       227.41769
       170.99185
       128.56604
       96.666962
       72.682404
       54.648750
       41.089596
       30.894651
       23.229216
       17.465696
       13.132197
       9.8738995
       7.4240351
       5.5820198
